$ 1 0.000005 10.20027730826997 50 5 50
f 304 144 368 144 5 1.5 0.02
w 368 128 368 112 0
w 368 112 432 112 0
w 368 160 368 176 0
w 368 176 432 176 0
f 432 144 480 144 5 1.5 0.02
w 432 112 480 112 0
w 480 112 480 128 0
w 480 160 480 176 0
w 480 176 432 176 0
w 432 176 432 208 0
f 384 240 416 240 4 1.5 0.02
f 384 336 416 336 4 1.5 0.02
w 432 208 432 224 0
w 432 224 416 224 0
w 416 256 432 256 0
w 432 256 432 320 0
w 432 320 416 320 0
w 416 352 432 352 0
w 432 352 432 384 0
g 432 384 432 400 0
w 384 240 352 240 0
w 352 240 304 240 0
w 304 240 304 176 2
w 304 144 304 176 2
w 304 176 272 176 0
s 208 176 272 176 0 0 false
v 144 176 208 176 0 0 40 5 0 0 0.5
g 144 176 144 208 0
s 320 336 352 336 0 0 false
v 256 336 320 336 0 0 40 5 0 0 0.5
g 256 336 256 352 0
w 432 144 400 144 2
w 400 144 400 192 0
w 400 192 368 192 0
w 368 192 368 304 0
w 352 336 368 336 0
w 368 304 368 336 0
w 368 336 384 336 2
v 432 64 432 112 0 0 40 5 0 0 0.5
g 432 64 464 64 0
w 480 208 528 208 0
f 608 176 656 176 5 1.5 0.02
w 432 208 480 208 2
w 528 208 528 176 0
w 528 176 608 176 0
w 528 208 528 240 0
w 528 240 608 240 0
f 608 240 656 240 4 1.5 0.02
w 656 256 656 288 0
g 656 288 656 304 0
w 656 208 704 208 2
w 656 208 656 224 0
w 656 192 656 208 0
w 656 160 656 128 0
v 656 80 656 128 0 0 40 5 0 0 0.5
g 656 80 672 80 0
o 43 64 0 4099 0.0000762939453125 0.00009765625 0 2 43 3
o 51 64 0 4099 5 0.00009765625 1 2 51 3
