$ 1 0.000005 10.20027730826997 58 5 50
v 112 304 160 304 0 0 40 9 0 0 0.5
w 160 304 176 304 0
s 208 304 176 304 0 0 false
w 208 304 240 304 0
w 240 304 288 304 0
d 288 304 320 304 1 0.805904783
w 320 304 416 304 2
178 576 304 496 304 0 1 0.2 0.4492386471554774 0.05 1000000 0.02 20
w 416 304 448 304 0
w 448 304 448 320 0
w 448 320 496 320 0
w 576 336 592 336 0
w 576 352 576 368 0
w 576 368 144 368 0
w 144 368 112 368 0
w 112 368 112 304 2
w 592 336 592 400 0
w 592 400 240 400 0
w 240 400 240 304 0
v 688 304 640 304 0 0 40 7.4 0 0 0.5
w 576 304 640 304 0
w 688 304 736 304 0
w 736 304 736 176 0
178 640 128 544 128 0 2 0.2 0.4492386471554774 0.05 1000000 0.002 20
w 640 176 640 208 0
w 640 208 112 208 2
w 112 208 112 304 2
w 640 160 672 160 0
w 672 160 672 224 0
w 672 224 240 224 0
w 240 224 240 304 0
w 640 80 656 80 0
w 640 128 672 128 0
w 672 80 656 80 0
w 544 96 240 96 0
w 240 96 240 224 0
w 544 144 112 144 0
w 112 144 112 208 0
w 736 176 736 160 0
w 736 160 736 48 0
w 736 48 496 48 0
w 496 48 496 112 0
w 496 112 544 112 0
w 544 64 432 64 0
w 432 64 432 288 0
w 432 288 496 288 0
w 672 80 704 80 0
w 672 128 704 128 0
w 704 128 704 112 0
w 704 80 704 96 0
x 544 87 584 90 4 15 DPDT
x 537 283 577 286 5 15 SPDT
x 155 280 199 283 6 15 9V\sDC
x 624 273 724 276 4 15 2s\sli\sion\sbattery
x 716 106 756 109 4 15 LOAD
162 656 96 656 112 1 2.1024259 1 0 0 0.01
w 656 80 656 96 0
w 672 128 656 112 0
o 48 64 0 20487 10 0.00009765625 0 2 48 3
