$ 3 0.000005 12.050203812241895 64 5 50
a 112 208 168 208 3 15 -15 1000000 8.000079996000201 8
w 16 216 16 200 1
w 16 200 24 200 0
r 24 200 48 200 0 4000
w 48 200 72 200 0
w 72 200 72 176 1
r 72 176 72 152 0 16000
w 72 200 112 200 0
w 112 216 96 216 0
v 8 280 48 280 0 0 40 12 0 0 0.5
g 8 280 -8 280 0
w 48 280 48 256 1
r 48 256 48 232 0 4000
w 48 224 48 216 0
w 48 224 48 232 0
w 48 216 96 216 1
w 96 216 96 264 0
w 96 264 128 264 0
r 128 264 168 264 0 16000
w 168 264 200 264 1
w 200 264 200 208 0
w 168 208 200 208 1
w 200 208 232 208 1
w 232 208 232 232 0
r 232 232 232 248 0 2000
g 232 248 232 272 0
w 232 208 264 208 2
v -24 216 16 216 0 0 40 10 0 0 0.5
g -24 216 -40 216 0
w 72 152 72 144 0
g 72 144 72 128 0
