$ 1 0.000005 10.20027730826997 50 5 50
a 544 160 640 160 1 15 -15 1000000 -2.9167031161707615 -2.916732283201923
w 544 176 512 176 0
w 512 176 512 224 0
w 512 224 640 224 0
w 640 224 640 160 0
w 640 160 704 160 2
w 544 144 496 144 0
r 496 144 464 144 0 1000
w 448 144 432 144 0
w 464 144 448 144 0
w 432 144 432 192 0
c 432 192 432 240 0 1.0999999999999999e-7 -2.916732283201923
g 432 240 432 288 0
w 432 144 432 96 0
w 432 96 560 96 0
c 560 96 608 96 0 2.1999999999999998e-7 -0.0000291670311614034
w 608 96 640 96 0
w 640 96 640 160 0
w 432 144 400 144 0
r 400 144 368 144 0 1000
w 368 144 304 144 0
v 240 144 304 144 0 1 1000 5 0 0 0.5
w 240 144 224 144 0
g 224 144 224 176 0
o 20 64 0 4099 5 0.0125 0 2 20 3
o 5 64 0 4099 5 0.00009765625 1 2 5 3
