$ 1 0.000005 10.20027730826997 75 5 50
f 416 80 464 80 5 1.5 0.02
f 416 160 464 160 5 1.5 0.02
w 464 96 464 144 0
w 464 176 464 208 0
w 464 64 464 48 0
w 464 48 480 48 0
v 512 48 480 48 0 0 40 5 0 0 0.5
g 512 48 512 64 0
w 416 80 384 80 0
w 416 160 400 160 0
s 336 80 384 80 0 0 false
v 288 80 336 80 0 0 40 5 0 0 0.5
g 288 80 288 96 0
s 368 160 400 160 0 0 false
v 336 160 368 160 0 0 40 5 0 0 0.5
g 336 160 336 176 0
w 464 208 496 208 2
w 464 208 464 224 0
w 464 224 528 224 0
w 464 224 432 224 0
w 432 224 432 240 0
f 400 272 432 272 4 1.5 0.02
f 480 272 512 272 4 1.5 0.02
w 432 240 432 256 0
w 432 288 432 304 0
w 528 304 528 288 0
w 528 288 512 288 0
w 528 224 528 256 0
w 528 256 512 256 0
w 432 304 464 304 0
w 528 304 464 304 0
w 464 304 464 320 0
g 464 320 464 336 0
w 400 272 288 272 0
w 288 272 288 144 0
w 288 144 288 128 0
w 288 128 384 128 0
w 384 128 384 80 0
w 416 160 416 192 0
w 416 192 384 192 0
w 384 192 384 240 0
w 384 240 384 320 0
w 384 320 448 320 0
w 448 320 448 272 0
w 448 272 480 272 0
w 496 208 544 208 0
w 544 208 560 208 0
f 624 240 672 240 4 1.5 0.02
f 624 144 656 144 5 1.5 0.02
w 624 144 608 144 0
w 608 144 608 192 0
w 624 240 608 240 0
w 608 240 608 192 0
w 560 208 576 208 0
w 576 208 576 192 0
w 576 192 608 192 0
w 656 128 656 96 0
v 656 64 656 96 0 0 40 5 0 0 0.5
g 656 64 672 64 0
w 656 160 672 160 0
w 672 160 672 176 0
w 672 224 672 176 0
w 672 256 672 272 0
g 672 272 672 304 0
w 672 176 720 176 2
o 16 64 0 4099 5 0.2 0 2 16 3
o 64 64 0 4099 5 0.00009765625 1 2 64 3
