$ 1 0.000005 10.20027730826997 66 5 50
f 544 112 608 112 0 1.5 0.02
f 544 208 608 208 1 1.5 0.02
w 544 112 544 144 2
w 544 144 496 144 0
w 544 208 544 144 2
w 608 96 608 64 2
w 608 224 608 272 0
g 608 64 608 32 0
w 464 128 464 144 0
w 464 144 496 144 2
w 608 128 640 128 2
w 640 128 640 144 0
w 640 144 688 144 2
w 608 192 640 192 2
w 640 192 640 144 0
v 608 320 608 272 0 0 40 5 0 0 0.5
g 608 352 608 400 0
w 608 320 608 352 0
s 416 128 464 128 0 0 false
s 416 128 400 128 0 0 false
v 336 128 400 128 0 0 40 5 0 0 0.5
g 304 128 304 144 0
w 304 128 336 128 0
