$ 3 0.000005 12.050203812241895 50 5 50
a 160 176 256 176 1 15 -15 1000000 1.9998800131984282 2
a 240 304 320 304 0 15 -15 1000000 0.00011998440188377384 0
w 160 192 160 224 0
w 160 224 208 224 3
r 208 224 272 224 0 10000
w 272 224 272 176 0
w 256 176 272 176 0
w 160 224 160 248 0
r 160 248 160 280 0 2000
w 160 280 200 280 0
w 200 280 200 264 0
w 200 264 200 248 0
w 200 248 224 248 0
r 224 248 256 248 0 12000
w 256 248 312 248 0
w 312 248 328 248 0
w 328 248 328 304 0
w 320 304 328 304 0
w 160 280 160 288 0
w 160 288 240 288 0
w 240 320 216 320 0
w 216 320 216 336 0
g 216 336 216 352 0
w 328 304 368 304 0
w 272 176 304 176 0
w 160 160 128 160 0
v 64 160 128 160 0 0 40 2 0 0 0.5
g 64 160 64 184 0
