$ 1 0.000005 10.20027730826997 50 5 50
a 576 176 672 176 1 15 -15 1000000 -4.412572115797632 -7.5001543716127905
w 672 176 720 176 0
w 720 176 720 112 0
w 720 112 640 112 0
r 640 112 576 112 0 1000
w 576 112 480 112 0
w 448 160 448 208 0
w 480 112 480 160 0
w 448 160 480 160 0
w 480 160 576 160 0
r 448 208 448 240 0 1000
w 448 240 448 256 0
w 576 192 528 192 0
w 528 192 528 240 0
w 528 240 560 240 0
w 528 240 528 272 0
c 528 272 528 304 0 1e-7 -4.412572115797632
r 560 240 624 240 0 15000
w 624 240 720 240 0
w 720 240 720 176 0
w 448 304 448 256 0
g 448 304 448 336 0
g 528 304 528 336 0
w 768 176 784 176 0
w 768 176 720 176 0
o 24 64 0 4099 20 0.00009765625 0 2 24 3
